-0.15 -0.35 0.025 0.025 0
-0.1 -0.35 0.025 0.025 0
-0.05 -0.35 0.025 0.025 0
0 -0.35 0.025 0.025 0
0.05 -0.35 0.025 0.025 0
0.1 -0.35 0.025 0.025 0
0.15 -0.35 0.025 0.025 0
0.3 -0.35 0.025 0.025 0
0.35 -0.35 0.025 0.025 0
0.4 -0.35 0.025 0.025 0
0.45 -0.35 0.025 0.025 0
0.5 -0.35 0.025 0.025 0
0.5 -0.3 0.025 0.025 0
0.55 -0.3 0.025 0.025 0
0.55 -0.35 0.025 0.025 0
0.6 -0.35 0.025 0.025 0
0.6 -0.3 0.025 0.025 0
0.6 -0.25 0.025 0.025 0
0.55 -0.25 0.025 0.025 0
0.6 -0.2 0.025 0.025 0
0.65 -0.2 0.025 0.025 0
0.65 -0.25 0.025 0.025 0
0.65 -0.3 0.025 0.025 0
0.65 -0.35 0.025 0.025 0
0.8 -0.2 0.025 0.025 0
0.8 -0.25 0.025 0.025 0
0.8 -0.3 0.025 0.025 0
0.8 -0.35 0.025 0.025 0
0.85 -0.35 0.025 0.025 0
0.9 -0.35 0.025 0.025 0
0.95 -0.35 0.025 0.025 0
1 -0.35 0.025 0.025 0
0.9 -0.2 0.025 0.025 0
0.95 -0.2 0.025 0.025 0
1 -0.2 0.025 0.025 0
1.05 -0.35 0.025 0.025 0
1.15 -0.35 0.025 0.025 0
1.1 -0.35 0.025 0.025 0
1.2 -0.35 0.025 0.025 0
1.25 -0.2 0.025 0.025 0
1.3 -0.2 0.025 0.025 0
1.35 -0.2 0.025 0.025 0
1.25 -0.3 0.025 0.025 0
1.25 -0.35 0.025 0.025 0
1.3 -0.3 0.025 0.025 0
1.3 -0.35 0.025 0.025 0
1.35 -0.35 0.025 0.025 0
1.35 -0.3 0.025 0.025 0
1.45 -0.3 0.025 0.025 0
1.45 -0.35 0.025 0.025 0
1.45 -0.4 0.025 0.025 0
1.45 -0.45 0.025 0.025 0
1.4 -0.45 0.025 0.025 0
1.35 -0.45 0.025 0.025 0
1.25 -0.45 0.025 0.025 0
1.25 -0.4 0.025 0.025 0
1.25 -0.5 0.025 0.025 0
1.25 -0.55 0.025 0.025 0
1.3 -0.55 0.025 0.025 0
1.4 -0.55 0.025 0.025 0
1.45 -0.55 0.025 0.025 0
1.35 -0.55 0.025 0.025 0
1.5 -0.55 0.025 0.025 0
1.55 -0.5 0.025 0.025 0
1.6 -0.45 0.025 0.025 0
1.65 -0.4 0.025 0.025 0
1.7 -0.35 0.025 0.025 0
1.5 -0.3 0.025 0.025 0
1.55 -0.3 0.025 0.025 0
1.75 -0.3 0.025 0.025 0
1.85 -0.3 0.025 0.025 0
1.85 -0.3 0.025 0.025 0
1.8 -0.3 0.025 0.025 0
1.45 -0.2 0.025 0.025 0
1.5 -0.2 0.025 0.025 0
1.6 -0.2 0.025 0.025 0
1.55 -0.2 0.025 0.025 0
1.65 -0.2 0.025 0.025 0
1.9 -0.3 0.025 0.025 0
1.95 -0.3 0.025 0.025 0
2 -0.25 0.025 0.025 0
2.05 -0.2 0.025 0.025 0
2.1 -0.2 0.025 0.025 0
2.15 -0.2 0.025 0.025 0
2.2 -0.2 0.025 0.025 0
2.25 -0.2 0.025 0.025 0
2.4 -0.2 0.025 0.025 0
2.4 -0.25 0.025 0.025 0
2.4 -0.3 0.025 0.025 0
2.4 -0.35 0.025 0.025 0
2.4 -0.4 0.025 0.025 0
2.4 -0.45 0.025 0.025 0
2.5 -0.45 0.025 0.025 0
2.5 -0.4 0.025 0.025 0
2.5 -0.35 0.025 0.025 0
2.5 -0.3 0.025 0.025 0
2.5 -0.25 0.025 0.025 0
2.5 -0.2 0.025 0.025 0
2.4 -0.5 0.025 0.025 0
2.4 -0.55 0.025 0.025 0
2.45 -0.55 0.025 0.025 0
2.55 -0.55 0.025 0.025 0
2.5 -0.55 0.025 0.025 0
2.65 -0.55 0.025 0.025 0
2.65 -0.55 0.025 0.025 0
2.6 -0.55 0.025 0.025 0
2.75 -0.55 0.025 0.025 0
2.7 -0.55 0.025 0.025 0
2.75 -0.5 0.025 0.025 0
2.75 -0.45 0.025 0.025 0
2.75 -0.4 0.025 0.025 0
2.75 -0.35 0.025 0.025 0
2.75 -0.3 0.025 0.025 0
2.7 -0.4 0.025 0.025 0
2.7 -0.45 0.025 0.025 0
2.7 -0.5 0.025 0.025 0
2.65 -0.5 0.025 0.025 0
2.7 -0.35 0.025 0.025 0
2.65 -0.45 0.025 0.025 0
2.65 -0.4 0.025 0.025 0
2.6 -0.5 0.025 0.025 0
2.8 -0.3 0.025 0.025 0
2.9 -0.3 0.025 0.025 0
2.85 -0.3 0.025 0.025 0
2.95 -0.3 0.025 0.025 0
3 -0.3 0.025 0.025 0
3 -0.25 0.025 0.025 0
3 -0.2 0.025 0.025 0
2.95 -0.25 0.025 0.025 0
3.05 -0.15 0.025 0.025 0
3.1 -0.1 0.025 0.025 0
3.15 -0.05 0.025 0.025 0
3.2 -7.45058e-09 0.025 0.025 0
3.25 0.05 0.025 0.025 0
3.3 0.1 0.025 0.025 0
3.45 -0.3 0.025 0.025 0
3.5 -0.3 0.025 0.025 0
3.55 -0.3 0.025 0.025 0
3.6 -0.3 0.025 0.025 0
3.65 -0.3 0.025 0.025 0
3.7 -0.3 0.025 0.025 0
3.75 -0.3 0.025 0.025 0
